======================
    TF estimated

-0.410831 -0.744584  0.526129   217.379
 0.902905 -0.412296  0.121552   96.7425
 0.126415  0.524982  0.841673   361.689
       -0         0        -0         1
(x y z) (yaw pitch roll)
217.379 96.7425 361.689 1.99781 -0.126755 0.55769
======================
======================
    TF estimated

-0.0260604 -0.0265586   0.999308  0.0432094
 -0.999541  0.0161492 -0.0256373   0.372621
-0.0154572  -0.999517 -0.0269672    1.04491
         0          0         -0          1
(x y z) (yaw pitch roll)
0.0432094 0.372621 1.04491 1.54473 3.12613 1.54382
======================
======================
    TF estimated

 0.0531248 -0.0357055   0.997949 -0.0139766
 -0.998389  0.0180237  0.0537931  0.0380214
-0.0199075    -0.9992 -0.0346905    1.08447
         0          0         -0          1
(x y z) (yaw pitch roll)
-0.0139766 0.0380214 1.08447 1.62396 3.12168 1.53609
======================
======================
    TF estimated

  0.0541641  -0.0362453    0.997874 -0.00796564
  -0.998362   0.0164887   0.0547895   0.0328262
 -0.0184395   -0.999207  -0.0352928     1.08807
          0           0          -0           1
(x y z) (yaw pitch roll)
-0.00796564 0.0328262 1.08807 1.625 3.12315 1.53549
======================
======================
    TF estimated

  0.0607255   -0.038021     0.99743 -0.00269231
  -0.997996   0.0155137   0.0613513   0.0119121
 -0.0178064   -0.999157  -0.0370027     1.09433
          0           0          -0           1
(x y z) (yaw pitch roll)
-0.00269231 0.0119121 1.09433 1.63157 3.12379 1.53378
======================
======================
    TF estimated

 0.0581078 -0.0503703   0.997039 0.00749049
 -0.998193  0.0123715  0.0588001    0.02264
-0.0152966  -0.998654 -0.0495604    1.14147
         0          0         -0          1
(x y z) (yaw pitch roll)
0.00749049 0.02264 1.14147 1.62894 3.1263 1.52121
======================
